  1
  2
  3
  6
  9
 10
 11
 14
 16
 17
 18
 19
 22
 25
 29
 36
 37
 38
 41
 48
 49
 53
 54
 55
 58
 64
 69
 70
 71
 74
 76
 77
 78
 79
 82
 84
 85
 86
 89
 95
 96
 97
100
102
106
107
108
111
114
116
117
118
121
124
127
133
134
135
138
142
143
144
147
150
151
152
155
159
160
161
164
168
169
174
178
179
180
183
185
186
187
190
193
194
195
198
200
201
202
204
205
206
209
212
215
216
217
220
222
223
224
227
230
231
232
233
236
242
243
244
247
249
251
252
257
258
259
262
264
270
271
272
275
279
280
281
284
286
287
288
291
293
294
295
298
301
302
303
306
308
309
310
313
316
317
318
321
323
324
326
327
328
331
333
334
335
338
340
341
342
345
348
349
352
354
355
359
360
361
364
367
368
369
372
376
377
378
381
383
384
385
388
390
391
392
395
398
399
400
401
402
403
406
408
409
410
413
420
421
422
423
424
427
433
434
435
438
440
444
445
446
449
451
456
460
461
462
463
466
471
472
473
476
478
482
483
484
487
490
491
492
493
496
498
499
500
501
502
505
507
508
509
512
518
519
520
523
531
532
533
536
538
540
541
543
545
546
547
548
551
554
555
556
559
561
562
563
566
568
570
572
574
575
576
579
582
583
584
587
589
590
594
595
596
599
601
608
609
610
613
616
617
618
621
623
624
625
626
629
633
634
635
638
640
641
642
645
651
652
653
656
659
660
661
662
665
667
668
669
672
674
675
677
678
679
682
684
687
689
690
691
694
696
698
699
700
703
705
707
708
709
712
714
715
716
719
721
722
723
726
732
733
734
737
747
748
749
752
754
755
756
759
761
762
763
766
769
770
771
774
776
777
778
781
784
785
786
789
792
793
794
797
799
800
801
804
808
810
814
815
816
819
822
823
824
827
829
830
831
834
840
841
842
845
847
848
849
852
854
855
856
859
862
863
864
867
869
870
873
875
876
877
880
883
884
885
888
893
894
895
896
899
